(2, 0) (9, 0)
9
(2, 0) (5, 1)
5
(2, 0) (0, 3)
6
(2, 0) (9, 4)
14
(2, 0) (4, 6)
11
(2, 0) (1, 7)
10
(2, 0) (8, 7)
17
(2, 0) (6, 9)
17
(9, 0) (5, 1)
5
(9, 0) (0, 3)
13
(9, 0) (9, 4)
5
(9, 0) (4, 6)
13
(9, 0) (1, 7)
17
(9, 0) (8, 7)
10
(9, 0) (6, 9)
15
(5, 1) (0, 3)
8
(5, 1) (9, 4)
9
(5, 1) (4, 6)
8
(5, 1) (1, 7)
12
(5, 1) (8, 7)
12
(5, 1) (6, 9)
12
(0, 3) (9, 4)
12
(0, 3) (4, 6)
9
(0, 3) (1, 7)
6
(0, 3) (8, 7)
15
(0, 3) (6, 9)
15
(9, 4) (4, 6)
8
(9, 4) (1, 7)
12
(9, 4) (8, 7)
5
(9, 4) (6, 9)
10
(4, 6) (1, 7)
4
(4, 6) (8, 7)
6
(4, 6) (6, 9)
6
(1, 7) (8, 7)
9
(1, 7) (6, 9)
9
(8, 7) (6, 9)
5
359
